1
2433
3595
2229
437
2901
3293
2541
3867
3225
3797
3141
3719
2201
4041
351
2089
2935
1991
335
1111
923
99
2153
315
2071
1583
1265
1073
2473
1915
1135
2169
1515
3847
245
3625
2097
3037
519
3961
267
3589
1297
3303
1659
3315
3779
1547
2325
3123
1485
3015
525
2357
975
1145
657
857
2941
3249
469
3003
3269
2017
447
113
3203
2317
141
1923
2957
1611
3789
2059
2477
3309
1891
1713
1607
1961
1251
3993
3547
365
1495
835
707
3725
539
797
709
275
2577
2251
3639
1353
861
3517
1781
413
3045
3221
3981
1203
3117
1129
3947
741
3345
2313
4021
3379
3915
1027
3259
1647
551
1531
593
1269
3477
3005
2569
3849
2111
921
1691
3855
1553
3343
1699
2051
3667
1725
3941
1597
2033
1275
3137
541
1911
2947
2381
791
1975
2615
123
2329
2037
1183
1257
2729
385
1689
685
595
1947
2493
737
1179
1085
3177
1397
31
3043
2919
1755
4011
2427
3493
1681
2567
2237
3391
3709
1973
2439
3083
3611
951
1393
2327
1447
2597
2779
1457
343
3035
2753
787
1215
3459
1293
3853
3563
277
3127
1043
1883
851
1323
3577
3217
3827
745
2475
3965
1277
2425
3205
2171
2923
411
499
2191
659
4023
153
3763
693
3635
2819
283
1953
1443
3121
1221
2205
2875
1565
3519
3749
2689
721
959
4093
2011
2461
3395
1965
3109
2277
1967
3067
2117
429
1157
497
4007
189
2699
4067
45
2581
691
163
1727
151
3265
471
3559
2395
183
2707
3617
1541
3759
3321
2599
1913
2377
2981
2909
1291
3621
695
3899
3377
637
3837
503
1019
1091
37
3075
1803
3463
3813
3775
3245
821
2119
1983
3905
3991
193
2143
929
955
2677
869
1401
2199
2405
2491
1569
239
2133
871
3047
2857
2663
4027
2987
2471
643
4035
2667
3431
2221
4055
3573
2675
2263
1845
3755
2257
2173
2559
13
1181
3089
1893
879
2387
3285
1493
1849
3051
2275
803
3457
2791
3357
2643
2135
527
1469
2447
1131
611
2633
1363
933
2057
3721
1189
3877
2921
1125
2815
2847
2985
2977
455
301
363
2727
3261
3339
2181
2481
677
1881
3689
399
285
2937
2813
321
3329
87
4005
2123
1151
2501
925
213
2121
2601
4039
2103
3557
3539
2591
2845
1169
1315
3607
3467
2711
3583
1055
2631
2115
3937
197
1023
2129
2417
1885
1985
143
1147
547
1603
3747
371
3275
3353
23
3253
3445
3501
1349
2687
3637
361
1109
2375
3191
2955
1719
3317
1433
2933
917
2131
2183
3673
1127
671
2107
85
2321
53
3387
2285
1405
3671
3171
2741
1461
1343
729
1287
1153
3857
2721
2963
3525
1389
1809
1303
307
1079
1525
683
2105
21
2837
2745
2499
477
1537
667
169
2035
2635
2587
3647
2841
969
3881
1099
2025
891
2905
635
1329
935
3541
375
3677
39
811
327
3027
3363
171
895
359
373
3543
2469
4065
4061
3511
2651
1333
863
2697
2147
2529
2227
2413
4063
329
3143
3063
2363
2193
711
2023
3099
4037
2219
2831
215
1143
3865
757
1149
1467
2879
579
4043
1439
3945
2731
3115
2705
2555
389
3151
3561
3693
3371
1657
165
3021
2161
4073
1477
777
989
2861
1361
1435
1161
875
3025
3479
1097
2995
3949
3347
75
2809
2271
2653
1577
1045
1217
2573
1971
2767
2091
3575
769
1337
1053
2811
1069
281
3331
2585
781
3279
1951
1599
2693
2867
417
1013
207
3527
2545
2917
