1
2431
2265
1307
3533
1141
3157
2985
1201
2901
1585
1339
2349
3523
3873
3023
1035
3469
1589
605
3917
1503
3575
1577
1391
1649
2307
435
3347
2071
1859
3895
2573
747
3257
343
1953
2167
3383
863
1461
4045
3607
1663
4057
1709
393
3271
803
2195
2539
2579
4053
833
1113
2015
111
3673
3459
1749
3315
807
2561
411
3251
1955
3893
3011
3055
3597
1315
1693
1509
2095
3375
3501
3075
2063
1889
1565
1287
2383
2301
1159
3007
1731
631
3373
3163
993
533
625
2057
1951
1521
3321
105
3825
447
901
2595
1131
3839
785
71
3529
2429
1395
3307
793
2749
3237
2257
1493
1969
3297
233
1865
1439
57
1373
3539
295
3617
3983
2491
417
3655
291
2501
2831
3721
281
3885
3621
3591
1219
3049
461
3413
3515
1225
815
2725
1821
1945
925
3085
1963
1697
2121
27
795
1947
2735
3015
283
691
3153
3345
357
981
3205
3819
2521
697
1961
3037
365
1069
4091
2867
237
1495
231
161
1773
1075
3705
193
1333
1803
1355
3677
3209
415
323
4085
1447
1239
3619
3939
3149
3109
1093
1513
2245
1989
75
2041
1091
1841
1183
1581
1779
515
875
2341
3357
173
3401
3069
2753
931
47
1331
2953
1243
2375
1375
3565
1485
3047
3179
1639
753
1767
1401
665
679
2885
3547
2473
361
2061
1735
387
3365
1445
3319
3135
3367
321
3663
523
2557
3197
2733
737
493
2171
1683
893
881
3199
3693
2549
3909
219
2951
1807
1833
65
3849
937
551
2837
3443
989
623
2565
4055
63
181
847
4059
2363
3883
701
1759
761
2835
2545
1413
3947
1321
3219
2219
1335
1247
1001
935
1705
1189
2881
2661
3211
539
3167
3847
2023
3585
3035
3803
983
941
1203
45
1827
1337
2325
571
671
3751
835
311
1157
2193
421
1793
2591
1641
4089
3987
3067
1097
613
3827
1319
3725
4077
1899
427
1387
1801
3073
791
3231
31
381
725
2493
2977
2821
3441
3897
2441
3899
1171
3627
309
385
437
3889
1117
337
2173
559
431
3793
2993
2685
2389
1643
565
759
147
2335
459
1467
3631
3147
861
4009
397
1087
1473
3397
2471
907
921
3407
3057
2451
2991
2087
183
1017
659
3613
3719
1101
867
1437
4087
1739
985
1987
3119
243
2369
3243
3419
535
1487
1529
1741
2973
3083
2053
3389
1823
2019
1409
2841
819
883
2699
3761
1481
3151
3253
2911
239
975
349
871
1669
1301
909
3183
2801
879
3467
2089
3481
255
1511
4037
2191
1223
3239
2223
1915
1453
115
3615
2479
3951
1791
3241
2461
2645
33
3695
3173
3959
3097
379
837
3601
1863
3831
3439
2617
2517
2239
2331
2535
457
227
1847
2483
2393
2405
3327
801
1325
305
1053
1151
1983
733
889
1783
3611
1365
3697
2319
1393
1845
3633
1129
3123
261
1427
2423
2875
363
3807
2027
635
395
3071
2713
3447
2739
2717
2139
2481
1193
3569
2785
2865
2159
2169
2099
3445
3643
1855
3521
1163
2157
425
2281
69
1853
2787
259
2017
3589
3651
1949
1885
645
1637
1837
585
2743
3871
953
2527
797
2691
2621
405
143
1919
443
3595
177
2203
2119
1809
2543
2129
1443
705
2381
1515
2189
3181
2359
2569
2807
1965
3191
217
1173
4047
971
1611
1181
1587
91
1659
2997
1811
1993
3361
3255
1003
2299
517
299
101
1449
205
1549
2317
241
2815
2747
3019
1725
3961
355
3377
3001
3779
